{
 "cells": [
  {
   "cell_type": "code",
   "execution_count": 1,
   "id": "f9be1024",
   "metadata": {},
   "outputs": [],
   "source": [
    "import pandas as pd\n",
    "import numpy as np\n",
    "import matplotlib.pyplot as plt\n",
    "import seaborn as sns \n",
    "import math as math\n",
    "%matplotlib inline "
   ]
  },
  {
   "cell_type": "code",
   "execution_count": 2,
   "id": "d2d0dd73",
   "metadata": {
    "scrolled": false,
    "slideshow": {
     "slide_type": "-"
    }
   },
   "outputs": [],
   "source": [
    "file = pd.read_csv('fifa21_train.csv')\n",
    "fileVal = pd.read_csv('fifa21_validate.csv')"
   ]
  },
  {
   "cell_type": "code",
   "execution_count": 3,
   "id": "f8640540",
   "metadata": {},
   "outputs": [],
   "source": [
    "#First of all I'm going to eliminate the columns I think are unrelevant\n",
    "file = file.drop(['Name', 'Nationality', 'Club', 'Team & Contract', 'Joined', 'Loan Date End', 'Contract', 'Position'], axis=1)\n",
    "fileVal = fileVal.drop(['Name', 'Nationality', 'Club', 'Team & Contract', 'Joined', 'Loan Date End', 'Contract', 'Position'], axis=1)"
   ]
  },
  {
   "cell_type": "code",
   "execution_count": 4,
   "id": "d177a2fc",
   "metadata": {},
   "outputs": [],
   "source": [
    "#Then I'm going to find the correlations among the columns that are the sum of others and\n",
    "#I'll eliminate those with corr>85%"
   ]
  },
  {
   "cell_type": "code",
   "execution_count": 5,
   "id": "9abdaa5d",
   "metadata": {},
   "outputs": [
    {
     "data": {
      "text/html": [
       "<div>\n",
       "<style scoped>\n",
       "    .dataframe tbody tr th:only-of-type {\n",
       "        vertical-align: middle;\n",
       "    }\n",
       "\n",
       "    .dataframe tbody tr th {\n",
       "        vertical-align: top;\n",
       "    }\n",
       "\n",
       "    .dataframe thead th {\n",
       "        text-align: right;\n",
       "    }\n",
       "</style>\n",
       "<table border=\"1\" class=\"dataframe\">\n",
       "  <thead>\n",
       "    <tr style=\"text-align: right;\">\n",
       "      <th></th>\n",
       "      <th>Attacking</th>\n",
       "      <th>Crossing</th>\n",
       "      <th>Finishing</th>\n",
       "      <th>Heading Accuracy</th>\n",
       "      <th>Short Passing</th>\n",
       "      <th>Volleys</th>\n",
       "    </tr>\n",
       "  </thead>\n",
       "  <tbody>\n",
       "    <tr>\n",
       "      <th>Attacking</th>\n",
       "      <td>1.000000</td>\n",
       "      <td>0.842204</td>\n",
       "      <td>0.877748</td>\n",
       "      <td>0.705065</td>\n",
       "      <td>0.880607</td>\n",
       "      <td>0.898636</td>\n",
       "    </tr>\n",
       "    <tr>\n",
       "      <th>Crossing</th>\n",
       "      <td>0.842204</td>\n",
       "      <td>1.000000</td>\n",
       "      <td>0.645621</td>\n",
       "      <td>0.435570</td>\n",
       "      <td>0.800162</td>\n",
       "      <td>0.676382</td>\n",
       "    </tr>\n",
       "    <tr>\n",
       "      <th>Finishing</th>\n",
       "      <td>0.877748</td>\n",
       "      <td>0.645621</td>\n",
       "      <td>1.000000</td>\n",
       "      <td>0.455388</td>\n",
       "      <td>0.650934</td>\n",
       "      <td>0.891072</td>\n",
       "    </tr>\n",
       "    <tr>\n",
       "      <th>Heading Accuracy</th>\n",
       "      <td>0.705065</td>\n",
       "      <td>0.435570</td>\n",
       "      <td>0.455388</td>\n",
       "      <td>1.000000</td>\n",
       "      <td>0.630159</td>\n",
       "      <td>0.490921</td>\n",
       "    </tr>\n",
       "    <tr>\n",
       "      <th>Short Passing</th>\n",
       "      <td>0.880607</td>\n",
       "      <td>0.800162</td>\n",
       "      <td>0.650934</td>\n",
       "      <td>0.630159</td>\n",
       "      <td>1.000000</td>\n",
       "      <td>0.685027</td>\n",
       "    </tr>\n",
       "    <tr>\n",
       "      <th>Volleys</th>\n",
       "      <td>0.898636</td>\n",
       "      <td>0.676382</td>\n",
       "      <td>0.891072</td>\n",
       "      <td>0.490921</td>\n",
       "      <td>0.685027</td>\n",
       "      <td>1.000000</td>\n",
       "    </tr>\n",
       "  </tbody>\n",
       "</table>\n",
       "</div>"
      ],
      "text/plain": [
       "                  Attacking  Crossing  Finishing  Heading Accuracy  \\\n",
       "Attacking          1.000000  0.842204   0.877748          0.705065   \n",
       "Crossing           0.842204  1.000000   0.645621          0.435570   \n",
       "Finishing          0.877748  0.645621   1.000000          0.455388   \n",
       "Heading Accuracy   0.705065  0.435570   0.455388          1.000000   \n",
       "Short Passing      0.880607  0.800162   0.650934          0.630159   \n",
       "Volleys            0.898636  0.676382   0.891072          0.490921   \n",
       "\n",
       "                  Short Passing   Volleys  \n",
       "Attacking              0.880607  0.898636  \n",
       "Crossing               0.800162  0.676382  \n",
       "Finishing              0.650934  0.891072  \n",
       "Heading Accuracy       0.630159  0.490921  \n",
       "Short Passing          1.000000  0.685027  \n",
       "Volleys                0.685027  1.000000  "
      ]
     },
     "execution_count": 5,
     "metadata": {},
     "output_type": "execute_result"
    }
   ],
   "source": [
    "file_test = file[['Attacking', 'Crossing', 'Finishing', 'Heading Accuracy', 'Short Passing', 'Volleys']]\n",
    "correlations_matrix = file_test.corr()\n",
    "correlations_matrix"
   ]
  },
  {
   "cell_type": "code",
   "execution_count": 6,
   "id": "bd982157",
   "metadata": {
    "scrolled": true
   },
   "outputs": [
    {
     "data": {
      "text/html": [
       "<div>\n",
       "<style scoped>\n",
       "    .dataframe tbody tr th:only-of-type {\n",
       "        vertical-align: middle;\n",
       "    }\n",
       "\n",
       "    .dataframe tbody tr th {\n",
       "        vertical-align: top;\n",
       "    }\n",
       "\n",
       "    .dataframe thead th {\n",
       "        text-align: right;\n",
       "    }\n",
       "</style>\n",
       "<table border=\"1\" class=\"dataframe\">\n",
       "  <thead>\n",
       "    <tr style=\"text-align: right;\">\n",
       "      <th></th>\n",
       "      <th>Skill</th>\n",
       "      <th>Dribbling</th>\n",
       "      <th>Curve</th>\n",
       "      <th>FK Accuracy</th>\n",
       "      <th>Long Passing</th>\n",
       "      <th>Ball Control</th>\n",
       "    </tr>\n",
       "  </thead>\n",
       "  <tbody>\n",
       "    <tr>\n",
       "      <th>Skill</th>\n",
       "      <td>1.000000</td>\n",
       "      <td>0.933298</td>\n",
       "      <td>0.934255</td>\n",
       "      <td>0.890196</td>\n",
       "      <td>0.839226</td>\n",
       "      <td>0.940600</td>\n",
       "    </tr>\n",
       "    <tr>\n",
       "      <th>Dribbling</th>\n",
       "      <td>0.933298</td>\n",
       "      <td>1.000000</td>\n",
       "      <td>0.844690</td>\n",
       "      <td>0.744447</td>\n",
       "      <td>0.704079</td>\n",
       "      <td>0.938222</td>\n",
       "    </tr>\n",
       "    <tr>\n",
       "      <th>Curve</th>\n",
       "      <td>0.934255</td>\n",
       "      <td>0.844690</td>\n",
       "      <td>1.000000</td>\n",
       "      <td>0.855255</td>\n",
       "      <td>0.694941</td>\n",
       "      <td>0.826975</td>\n",
       "    </tr>\n",
       "    <tr>\n",
       "      <th>FK Accuracy</th>\n",
       "      <td>0.890196</td>\n",
       "      <td>0.744447</td>\n",
       "      <td>0.855255</td>\n",
       "      <td>1.000000</td>\n",
       "      <td>0.689447</td>\n",
       "      <td>0.746248</td>\n",
       "    </tr>\n",
       "    <tr>\n",
       "      <th>Long Passing</th>\n",
       "      <td>0.839226</td>\n",
       "      <td>0.704079</td>\n",
       "      <td>0.694941</td>\n",
       "      <td>0.689447</td>\n",
       "      <td>1.000000</td>\n",
       "      <td>0.773170</td>\n",
       "    </tr>\n",
       "    <tr>\n",
       "      <th>Ball Control</th>\n",
       "      <td>0.940600</td>\n",
       "      <td>0.938222</td>\n",
       "      <td>0.826975</td>\n",
       "      <td>0.746248</td>\n",
       "      <td>0.773170</td>\n",
       "      <td>1.000000</td>\n",
       "    </tr>\n",
       "  </tbody>\n",
       "</table>\n",
       "</div>"
      ],
      "text/plain": [
       "                 Skill  Dribbling     Curve  FK Accuracy  Long Passing  \\\n",
       "Skill         1.000000   0.933298  0.934255     0.890196      0.839226   \n",
       "Dribbling     0.933298   1.000000  0.844690     0.744447      0.704079   \n",
       "Curve         0.934255   0.844690  1.000000     0.855255      0.694941   \n",
       "FK Accuracy   0.890196   0.744447  0.855255     1.000000      0.689447   \n",
       "Long Passing  0.839226   0.704079  0.694941     0.689447      1.000000   \n",
       "Ball Control  0.940600   0.938222  0.826975     0.746248      0.773170   \n",
       "\n",
       "              Ball Control  \n",
       "Skill             0.940600  \n",
       "Dribbling         0.938222  \n",
       "Curve             0.826975  \n",
       "FK Accuracy       0.746248  \n",
       "Long Passing      0.773170  \n",
       "Ball Control      1.000000  "
      ]
     },
     "execution_count": 6,
     "metadata": {},
     "output_type": "execute_result"
    }
   ],
   "source": [
    "file_test = file[['Skill', 'Dribbling', 'Curve', 'FK Accuracy', 'Long Passing', 'Ball Control']]\n",
    "correlations_matrix = file_test.corr()\n",
    "correlations_matrix           "
   ]
  },
  {
   "cell_type": "code",
   "execution_count": 7,
   "id": "5adb7022",
   "metadata": {},
   "outputs": [
    {
     "data": {
      "text/html": [
       "<div>\n",
       "<style scoped>\n",
       "    .dataframe tbody tr th:only-of-type {\n",
       "        vertical-align: middle;\n",
       "    }\n",
       "\n",
       "    .dataframe tbody tr th {\n",
       "        vertical-align: top;\n",
       "    }\n",
       "\n",
       "    .dataframe thead th {\n",
       "        text-align: right;\n",
       "    }\n",
       "</style>\n",
       "<table border=\"1\" class=\"dataframe\">\n",
       "  <thead>\n",
       "    <tr style=\"text-align: right;\">\n",
       "      <th></th>\n",
       "      <th>Movement</th>\n",
       "      <th>Acceleration</th>\n",
       "      <th>Sprint Speed</th>\n",
       "      <th>Agility</th>\n",
       "      <th>Reactions</th>\n",
       "      <th>Balance</th>\n",
       "    </tr>\n",
       "  </thead>\n",
       "  <tbody>\n",
       "    <tr>\n",
       "      <th>Movement</th>\n",
       "      <td>1.000000</td>\n",
       "      <td>0.923445</td>\n",
       "      <td>0.885792</td>\n",
       "      <td>0.925079</td>\n",
       "      <td>0.319950</td>\n",
       "      <td>0.839316</td>\n",
       "    </tr>\n",
       "    <tr>\n",
       "      <th>Acceleration</th>\n",
       "      <td>0.923445</td>\n",
       "      <td>1.000000</td>\n",
       "      <td>0.925976</td>\n",
       "      <td>0.823438</td>\n",
       "      <td>0.127487</td>\n",
       "      <td>0.706167</td>\n",
       "    </tr>\n",
       "    <tr>\n",
       "      <th>Sprint Speed</th>\n",
       "      <td>0.885792</td>\n",
       "      <td>0.925976</td>\n",
       "      <td>1.000000</td>\n",
       "      <td>0.759953</td>\n",
       "      <td>0.129795</td>\n",
       "      <td>0.623763</td>\n",
       "    </tr>\n",
       "    <tr>\n",
       "      <th>Agility</th>\n",
       "      <td>0.925079</td>\n",
       "      <td>0.823438</td>\n",
       "      <td>0.759953</td>\n",
       "      <td>1.000000</td>\n",
       "      <td>0.228676</td>\n",
       "      <td>0.784823</td>\n",
       "    </tr>\n",
       "    <tr>\n",
       "      <th>Reactions</th>\n",
       "      <td>0.319950</td>\n",
       "      <td>0.127487</td>\n",
       "      <td>0.129795</td>\n",
       "      <td>0.228676</td>\n",
       "      <td>1.000000</td>\n",
       "      <td>0.125709</td>\n",
       "    </tr>\n",
       "    <tr>\n",
       "      <th>Balance</th>\n",
       "      <td>0.839316</td>\n",
       "      <td>0.706167</td>\n",
       "      <td>0.623763</td>\n",
       "      <td>0.784823</td>\n",
       "      <td>0.125709</td>\n",
       "      <td>1.000000</td>\n",
       "    </tr>\n",
       "  </tbody>\n",
       "</table>\n",
       "</div>"
      ],
      "text/plain": [
       "              Movement  Acceleration  Sprint Speed   Agility  Reactions  \\\n",
       "Movement      1.000000      0.923445      0.885792  0.925079   0.319950   \n",
       "Acceleration  0.923445      1.000000      0.925976  0.823438   0.127487   \n",
       "Sprint Speed  0.885792      0.925976      1.000000  0.759953   0.129795   \n",
       "Agility       0.925079      0.823438      0.759953  1.000000   0.228676   \n",
       "Reactions     0.319950      0.127487      0.129795  0.228676   1.000000   \n",
       "Balance       0.839316      0.706167      0.623763  0.784823   0.125709   \n",
       "\n",
       "               Balance  \n",
       "Movement      0.839316  \n",
       "Acceleration  0.706167  \n",
       "Sprint Speed  0.623763  \n",
       "Agility       0.784823  \n",
       "Reactions     0.125709  \n",
       "Balance       1.000000  "
      ]
     },
     "execution_count": 7,
     "metadata": {},
     "output_type": "execute_result"
    }
   ],
   "source": [
    "file_test = file[['Movement', 'Acceleration', 'Sprint Speed', 'Agility', 'Reactions', 'Balance']]\n",
    "correlations_matrix = file_test.corr()\n",
    "correlations_matrix   "
   ]
  },
  {
   "cell_type": "code",
   "execution_count": 8,
   "id": "65d0a2b2",
   "metadata": {},
   "outputs": [
    {
     "data": {
      "text/html": [
       "<div>\n",
       "<style scoped>\n",
       "    .dataframe tbody tr th:only-of-type {\n",
       "        vertical-align: middle;\n",
       "    }\n",
       "\n",
       "    .dataframe tbody tr th {\n",
       "        vertical-align: top;\n",
       "    }\n",
       "\n",
       "    .dataframe thead th {\n",
       "        text-align: right;\n",
       "    }\n",
       "</style>\n",
       "<table border=\"1\" class=\"dataframe\">\n",
       "  <thead>\n",
       "    <tr style=\"text-align: right;\">\n",
       "      <th></th>\n",
       "      <th>Power</th>\n",
       "      <th>Shot Power</th>\n",
       "      <th>Jumping</th>\n",
       "      <th>Stamina</th>\n",
       "      <th>Strength</th>\n",
       "      <th>Long Shots</th>\n",
       "    </tr>\n",
       "  </thead>\n",
       "  <tbody>\n",
       "    <tr>\n",
       "      <th>Power</th>\n",
       "      <td>1.000000</td>\n",
       "      <td>0.765745</td>\n",
       "      <td>0.498094</td>\n",
       "      <td>0.760756</td>\n",
       "      <td>0.478583</td>\n",
       "      <td>0.806966</td>\n",
       "    </tr>\n",
       "    <tr>\n",
       "      <th>Shot Power</th>\n",
       "      <td>0.765745</td>\n",
       "      <td>1.000000</td>\n",
       "      <td>0.111710</td>\n",
       "      <td>0.369335</td>\n",
       "      <td>0.178469</td>\n",
       "      <td>0.804333</td>\n",
       "    </tr>\n",
       "    <tr>\n",
       "      <th>Jumping</th>\n",
       "      <td>0.498094</td>\n",
       "      <td>0.111710</td>\n",
       "      <td>1.000000</td>\n",
       "      <td>0.329194</td>\n",
       "      <td>0.335127</td>\n",
       "      <td>0.097072</td>\n",
       "    </tr>\n",
       "    <tr>\n",
       "      <th>Stamina</th>\n",
       "      <td>0.760756</td>\n",
       "      <td>0.369335</td>\n",
       "      <td>0.329194</td>\n",
       "      <td>1.000000</td>\n",
       "      <td>0.237740</td>\n",
       "      <td>0.550738</td>\n",
       "    </tr>\n",
       "    <tr>\n",
       "      <th>Strength</th>\n",
       "      <td>0.478583</td>\n",
       "      <td>0.178469</td>\n",
       "      <td>0.335127</td>\n",
       "      <td>0.237740</td>\n",
       "      <td>1.000000</td>\n",
       "      <td>0.051398</td>\n",
       "    </tr>\n",
       "    <tr>\n",
       "      <th>Long Shots</th>\n",
       "      <td>0.806966</td>\n",
       "      <td>0.804333</td>\n",
       "      <td>0.097072</td>\n",
       "      <td>0.550738</td>\n",
       "      <td>0.051398</td>\n",
       "      <td>1.000000</td>\n",
       "    </tr>\n",
       "  </tbody>\n",
       "</table>\n",
       "</div>"
      ],
      "text/plain": [
       "               Power  Shot Power   Jumping   Stamina  Strength  Long Shots\n",
       "Power       1.000000    0.765745  0.498094  0.760756  0.478583    0.806966\n",
       "Shot Power  0.765745    1.000000  0.111710  0.369335  0.178469    0.804333\n",
       "Jumping     0.498094    0.111710  1.000000  0.329194  0.335127    0.097072\n",
       "Stamina     0.760756    0.369335  0.329194  1.000000  0.237740    0.550738\n",
       "Strength    0.478583    0.178469  0.335127  0.237740  1.000000    0.051398\n",
       "Long Shots  0.806966    0.804333  0.097072  0.550738  0.051398    1.000000"
      ]
     },
     "execution_count": 8,
     "metadata": {},
     "output_type": "execute_result"
    }
   ],
   "source": [
    "file_test = file[['Power', 'Shot Power', 'Jumping', 'Stamina', 'Strength', 'Long Shots']]\n",
    "correlations_matrix = file_test.corr()\n",
    "correlations_matrix"
   ]
  },
  {
   "cell_type": "code",
   "execution_count": 9,
   "id": "f132b096",
   "metadata": {},
   "outputs": [
    {
     "data": {
      "text/html": [
       "<div>\n",
       "<style scoped>\n",
       "    .dataframe tbody tr th:only-of-type {\n",
       "        vertical-align: middle;\n",
       "    }\n",
       "\n",
       "    .dataframe tbody tr th {\n",
       "        vertical-align: top;\n",
       "    }\n",
       "\n",
       "    .dataframe thead th {\n",
       "        text-align: right;\n",
       "    }\n",
       "</style>\n",
       "<table border=\"1\" class=\"dataframe\">\n",
       "  <thead>\n",
       "    <tr style=\"text-align: right;\">\n",
       "      <th></th>\n",
       "      <th>Mentality</th>\n",
       "      <th>Aggression</th>\n",
       "      <th>Interceptions</th>\n",
       "      <th>Positioning</th>\n",
       "      <th>Vision</th>\n",
       "      <th>Penalties</th>\n",
       "      <th>Composure</th>\n",
       "    </tr>\n",
       "  </thead>\n",
       "  <tbody>\n",
       "    <tr>\n",
       "      <th>Mentality</th>\n",
       "      <td>1.000000</td>\n",
       "      <td>0.771031</td>\n",
       "      <td>0.612562</td>\n",
       "      <td>0.808293</td>\n",
       "      <td>0.730438</td>\n",
       "      <td>0.731226</td>\n",
       "      <td>0.752872</td>\n",
       "    </tr>\n",
       "    <tr>\n",
       "      <th>Aggression</th>\n",
       "      <td>0.771031</td>\n",
       "      <td>1.000000</td>\n",
       "      <td>0.726117</td>\n",
       "      <td>0.380099</td>\n",
       "      <td>0.294373</td>\n",
       "      <td>0.323653</td>\n",
       "      <td>0.537952</td>\n",
       "    </tr>\n",
       "    <tr>\n",
       "      <th>Interceptions</th>\n",
       "      <td>0.612562</td>\n",
       "      <td>0.726117</td>\n",
       "      <td>1.000000</td>\n",
       "      <td>0.128998</td>\n",
       "      <td>0.157621</td>\n",
       "      <td>0.051953</td>\n",
       "      <td>0.382893</td>\n",
       "    </tr>\n",
       "    <tr>\n",
       "      <th>Positioning</th>\n",
       "      <td>0.808293</td>\n",
       "      <td>0.380099</td>\n",
       "      <td>0.128998</td>\n",
       "      <td>1.000000</td>\n",
       "      <td>0.734557</td>\n",
       "      <td>0.804764</td>\n",
       "      <td>0.619551</td>\n",
       "    </tr>\n",
       "    <tr>\n",
       "      <th>Vision</th>\n",
       "      <td>0.730438</td>\n",
       "      <td>0.294373</td>\n",
       "      <td>0.157621</td>\n",
       "      <td>0.734557</td>\n",
       "      <td>1.000000</td>\n",
       "      <td>0.631481</td>\n",
       "      <td>0.669555</td>\n",
       "    </tr>\n",
       "    <tr>\n",
       "      <th>Penalties</th>\n",
       "      <td>0.731226</td>\n",
       "      <td>0.323653</td>\n",
       "      <td>0.051953</td>\n",
       "      <td>0.804764</td>\n",
       "      <td>0.631481</td>\n",
       "      <td>1.000000</td>\n",
       "      <td>0.590426</td>\n",
       "    </tr>\n",
       "    <tr>\n",
       "      <th>Composure</th>\n",
       "      <td>0.752872</td>\n",
       "      <td>0.537952</td>\n",
       "      <td>0.382893</td>\n",
       "      <td>0.619551</td>\n",
       "      <td>0.669555</td>\n",
       "      <td>0.590426</td>\n",
       "      <td>1.000000</td>\n",
       "    </tr>\n",
       "  </tbody>\n",
       "</table>\n",
       "</div>"
      ],
      "text/plain": [
       "               Mentality  Aggression  Interceptions  Positioning    Vision  \\\n",
       "Mentality       1.000000    0.771031       0.612562     0.808293  0.730438   \n",
       "Aggression      0.771031    1.000000       0.726117     0.380099  0.294373   \n",
       "Interceptions   0.612562    0.726117       1.000000     0.128998  0.157621   \n",
       "Positioning     0.808293    0.380099       0.128998     1.000000  0.734557   \n",
       "Vision          0.730438    0.294373       0.157621     0.734557  1.000000   \n",
       "Penalties       0.731226    0.323653       0.051953     0.804764  0.631481   \n",
       "Composure       0.752872    0.537952       0.382893     0.619551  0.669555   \n",
       "\n",
       "               Penalties  Composure  \n",
       "Mentality       0.731226   0.752872  \n",
       "Aggression      0.323653   0.537952  \n",
       "Interceptions   0.051953   0.382893  \n",
       "Positioning     0.804764   0.619551  \n",
       "Vision          0.631481   0.669555  \n",
       "Penalties       1.000000   0.590426  \n",
       "Composure       0.590426   1.000000  "
      ]
     },
     "execution_count": 9,
     "metadata": {},
     "output_type": "execute_result"
    }
   ],
   "source": [
    "file_test = file[['Mentality', 'Aggression', 'Interceptions', 'Positioning', 'Vision', 'Penalties','Composure']]\n",
    "correlations_matrix = file_test.corr()\n",
    "correlations_matrix"
   ]
  },
  {
   "cell_type": "code",
   "execution_count": 10,
   "id": "db7fcf00",
   "metadata": {},
   "outputs": [
    {
     "data": {
      "text/html": [
       "<div>\n",
       "<style scoped>\n",
       "    .dataframe tbody tr th:only-of-type {\n",
       "        vertical-align: middle;\n",
       "    }\n",
       "\n",
       "    .dataframe tbody tr th {\n",
       "        vertical-align: top;\n",
       "    }\n",
       "\n",
       "    .dataframe thead th {\n",
       "        text-align: right;\n",
       "    }\n",
       "</style>\n",
       "<table border=\"1\" class=\"dataframe\">\n",
       "  <thead>\n",
       "    <tr style=\"text-align: right;\">\n",
       "      <th></th>\n",
       "      <th>Defending</th>\n",
       "      <th>Marking</th>\n",
       "      <th>Standing Tackle</th>\n",
       "      <th>Sliding Tackle</th>\n",
       "    </tr>\n",
       "  </thead>\n",
       "  <tbody>\n",
       "    <tr>\n",
       "      <th>Defending</th>\n",
       "      <td>1.000000</td>\n",
       "      <td>0.965015</td>\n",
       "      <td>0.986358</td>\n",
       "      <td>0.984713</td>\n",
       "    </tr>\n",
       "    <tr>\n",
       "      <th>Marking</th>\n",
       "      <td>0.965015</td>\n",
       "      <td>1.000000</td>\n",
       "      <td>0.925376</td>\n",
       "      <td>0.917240</td>\n",
       "    </tr>\n",
       "    <tr>\n",
       "      <th>Standing Tackle</th>\n",
       "      <td>0.986358</td>\n",
       "      <td>0.925376</td>\n",
       "      <td>1.000000</td>\n",
       "      <td>0.974528</td>\n",
       "    </tr>\n",
       "    <tr>\n",
       "      <th>Sliding Tackle</th>\n",
       "      <td>0.984713</td>\n",
       "      <td>0.917240</td>\n",
       "      <td>0.974528</td>\n",
       "      <td>1.000000</td>\n",
       "    </tr>\n",
       "  </tbody>\n",
       "</table>\n",
       "</div>"
      ],
      "text/plain": [
       "                 Defending   Marking  Standing Tackle  Sliding Tackle\n",
       "Defending         1.000000  0.965015         0.986358        0.984713\n",
       "Marking           0.965015  1.000000         0.925376        0.917240\n",
       "Standing Tackle   0.986358  0.925376         1.000000        0.974528\n",
       "Sliding Tackle    0.984713  0.917240         0.974528        1.000000"
      ]
     },
     "execution_count": 10,
     "metadata": {},
     "output_type": "execute_result"
    }
   ],
   "source": [
    "file_test = file[['Defending', 'Marking', 'Standing Tackle', 'Sliding Tackle']]\n",
    "correlations_matrix = file_test.corr()\n",
    "correlations_matrix"
   ]
  },
  {
   "cell_type": "code",
   "execution_count": 11,
   "id": "ddbfac54",
   "metadata": {},
   "outputs": [
    {
     "data": {
      "text/html": [
       "<div>\n",
       "<style scoped>\n",
       "    .dataframe tbody tr th:only-of-type {\n",
       "        vertical-align: middle;\n",
       "    }\n",
       "\n",
       "    .dataframe tbody tr th {\n",
       "        vertical-align: top;\n",
       "    }\n",
       "\n",
       "    .dataframe thead th {\n",
       "        text-align: right;\n",
       "    }\n",
       "</style>\n",
       "<table border=\"1\" class=\"dataframe\">\n",
       "  <thead>\n",
       "    <tr style=\"text-align: right;\">\n",
       "      <th></th>\n",
       "      <th>Goalkeeping</th>\n",
       "      <th>GK Diving</th>\n",
       "      <th>GK Handling</th>\n",
       "      <th>GK Kicking</th>\n",
       "      <th>GK Positioning</th>\n",
       "      <th>GK Reflexes</th>\n",
       "    </tr>\n",
       "  </thead>\n",
       "  <tbody>\n",
       "    <tr>\n",
       "      <th>Goalkeeping</th>\n",
       "      <td>1.000000</td>\n",
       "      <td>0.987614</td>\n",
       "      <td>0.986244</td>\n",
       "      <td>0.970355</td>\n",
       "      <td>0.986088</td>\n",
       "      <td>0.987827</td>\n",
       "    </tr>\n",
       "    <tr>\n",
       "      <th>GK Diving</th>\n",
       "      <td>0.987614</td>\n",
       "      <td>1.000000</td>\n",
       "      <td>0.967233</td>\n",
       "      <td>0.947707</td>\n",
       "      <td>0.966919</td>\n",
       "      <td>0.970911</td>\n",
       "    </tr>\n",
       "    <tr>\n",
       "      <th>GK Handling</th>\n",
       "      <td>0.986244</td>\n",
       "      <td>0.967233</td>\n",
       "      <td>1.000000</td>\n",
       "      <td>0.953500</td>\n",
       "      <td>0.967224</td>\n",
       "      <td>0.968606</td>\n",
       "    </tr>\n",
       "    <tr>\n",
       "      <th>GK Kicking</th>\n",
       "      <td>0.970355</td>\n",
       "      <td>0.947707</td>\n",
       "      <td>0.953500</td>\n",
       "      <td>1.000000</td>\n",
       "      <td>0.953459</td>\n",
       "      <td>0.954432</td>\n",
       "    </tr>\n",
       "    <tr>\n",
       "      <th>GK Positioning</th>\n",
       "      <td>0.986088</td>\n",
       "      <td>0.966919</td>\n",
       "      <td>0.967224</td>\n",
       "      <td>0.953459</td>\n",
       "      <td>1.000000</td>\n",
       "      <td>0.967905</td>\n",
       "    </tr>\n",
       "    <tr>\n",
       "      <th>GK Reflexes</th>\n",
       "      <td>0.987827</td>\n",
       "      <td>0.970911</td>\n",
       "      <td>0.968606</td>\n",
       "      <td>0.954432</td>\n",
       "      <td>0.967905</td>\n",
       "      <td>1.000000</td>\n",
       "    </tr>\n",
       "  </tbody>\n",
       "</table>\n",
       "</div>"
      ],
      "text/plain": [
       "                Goalkeeping  GK Diving  GK Handling  GK Kicking  \\\n",
       "Goalkeeping        1.000000   0.987614     0.986244    0.970355   \n",
       "GK Diving          0.987614   1.000000     0.967233    0.947707   \n",
       "GK Handling        0.986244   0.967233     1.000000    0.953500   \n",
       "GK Kicking         0.970355   0.947707     0.953500    1.000000   \n",
       "GK Positioning     0.986088   0.966919     0.967224    0.953459   \n",
       "GK Reflexes        0.987827   0.970911     0.968606    0.954432   \n",
       "\n",
       "                GK Positioning  GK Reflexes  \n",
       "Goalkeeping           0.986088     0.987827  \n",
       "GK Diving             0.966919     0.970911  \n",
       "GK Handling           0.967224     0.968606  \n",
       "GK Kicking            0.953459     0.954432  \n",
       "GK Positioning        1.000000     0.967905  \n",
       "GK Reflexes           0.967905     1.000000  "
      ]
     },
     "execution_count": 11,
     "metadata": {},
     "output_type": "execute_result"
    }
   ],
   "source": [
    "file_test = file[['Goalkeeping', 'GK Diving', 'GK Handling', 'GK Kicking', 'GK Positioning', 'GK Reflexes']]\n",
    "correlations_matrix = file_test.corr()\n",
    "correlations_matrix"
   ]
  },
  {
   "cell_type": "code",
   "execution_count": 12,
   "id": "a38c3b80",
   "metadata": {},
   "outputs": [],
   "source": [
    "#Cleaning all with corr > 0.85\n",
    "file = file.drop(['Crossing', 'Finishing', 'Short Passing', 'Volleys', 'Dribbling', 'Curve', 'FK Accuracy', 'Long Passing', 'Ball Control', 'Acceleration', 'Sprint Speed', 'Agility', 'Balance', 'Marking', 'Standing Tackle', 'Sliding Tackle', 'GK Diving', 'GK Handling', 'GK Kicking', 'GK Positioning', 'GK Reflexes'], axis=1)\n",
    "fileVal = fileVal.drop(['Crossing', 'Finishing', 'Short Passing', 'Volleys', 'Dribbling', 'Curve', 'FK Accuracy', 'Long Passing', 'Ball Control', 'Acceleration', 'Sprint Speed', 'Agility', 'Balance', 'Marking', 'Standing Tackle', 'Sliding Tackle', 'GK Diving', 'GK Handling', 'GK Kicking', 'GK Positioning', 'GK Reflexes'], axis=1)\n"
   ]
  },
  {
   "cell_type": "code",
   "execution_count": 13,
   "id": "00721274",
   "metadata": {},
   "outputs": [],
   "source": [
    "file_num = file.select_dtypes('number')"
   ]
  },
  {
   "cell_type": "code",
   "execution_count": 14,
   "id": "dbf00f19",
   "metadata": {},
   "outputs": [],
   "source": [
    "#I'm going to replace the NaN with the mean\n",
    "for col in file_num:\n",
    "        mean = int(file_num[col].mean())\n",
    "        file[col] = file_num[col].fillna(mean)"
   ]
  },
  {
   "cell_type": "code",
   "execution_count": 15,
   "id": "ef6d1a40",
   "metadata": {},
   "outputs": [],
   "source": [
    "file_num = fileVal.select_dtypes('number')\n",
    "for col in file_num:\n",
    "        mean = int(file_num[col].mean())\n",
    "        fileVal[col] = file_num[col].fillna(mean)"
   ]
  },
  {
   "cell_type": "code",
   "execution_count": 16,
   "id": "1e4cb6b0",
   "metadata": {},
   "outputs": [],
   "source": [
    "#Checking again corr from all with all (cleaned all with corr>85%)\n",
    "file = file.drop(['Total Stats', 'Skill', 'Mentality', 'Long Shots', 'Positioning', 'Defending', 'Interceptions', 'Strength'], axis=1)\n",
    "fileVal = fileVal.drop(['Total Stats', 'Skill', 'Mentality', 'Long Shots', 'Positioning', 'Defending', 'Interceptions', 'Strength'], axis=1)"
   ]
  },
  {
   "cell_type": "code",
   "execution_count": 17,
   "id": "ba08e4ee",
   "metadata": {},
   "outputs": [],
   "source": [
    "file_num = file.select_dtypes('number')"
   ]
  },
  {
   "cell_type": "code",
   "execution_count": 18,
   "id": "6e25313a",
   "metadata": {},
   "outputs": [],
   "source": [
    "file_cat = file.select_dtypes('object')"
   ]
  },
  {
   "cell_type": "code",
   "execution_count": 19,
   "id": "538b7ff8",
   "metadata": {},
   "outputs": [],
   "source": [
    "#Filling NaN in Cat columns"
   ]
  },
  {
   "cell_type": "code",
   "execution_count": 20,
   "id": "dcd5bc85",
   "metadata": {},
   "outputs": [],
   "source": [
    "file['A/W'] = file['A/W'].fillna('Medium')\n",
    "fileVal['A/W'] = fileVal['A/W'].fillna('Medium')"
   ]
  },
  {
   "cell_type": "code",
   "execution_count": 21,
   "id": "58619957",
   "metadata": {},
   "outputs": [],
   "source": [
    "file['D/W'] = file['D/W'].fillna('Medium')\n",
    "fileVal['D/W'] = fileVal['D/W'].fillna('Medium')"
   ]
  },
  {
   "cell_type": "code",
   "execution_count": 22,
   "id": "11ba3d6c",
   "metadata": {},
   "outputs": [],
   "source": [
    "#I'm going to eliminate the symbols or in those columns which have it\n",
    "file['W/F'] = file['W/F'].str.rstrip('★').astype('int')\n",
    "file['SM'] = file['SM'].str.rstrip('★').astype('int')\n",
    "file['IR'] = file['IR'].str.rstrip('★').astype('int')\n",
    "file['Weight'] = file['Weight'].str.rstrip('lbs').astype('int')"
   ]
  },
  {
   "cell_type": "code",
   "execution_count": 23,
   "id": "a1baac17",
   "metadata": {},
   "outputs": [],
   "source": [
    "fileVal['W/F'] = fileVal['W/F'].str.rstrip('★').astype('int')\n",
    "fileVal['SM'] = fileVal['SM'].str.rstrip('★').astype('int')\n",
    "fileVal['IR'] = fileVal['IR'].str.rstrip('★').astype('int')\n",
    "fileVal['Weight'] = fileVal['Weight'].str.rstrip('lbs').astype('int')"
   ]
  },
  {
   "cell_type": "code",
   "execution_count": 24,
   "id": "48c741f0",
   "metadata": {},
   "outputs": [],
   "source": [
    "#Converting of height to integer\n",
    "def height (x):\n",
    "    x=x.replace('\"','')\n",
    "    f,i=x.split(\"\\'\")\n",
    "    x=round(int(f)+int(i)/12,2)\n",
    "    return x\n",
    "file['Height']=list(map(height, file['Height']))\n",
    "fileVal['Height']=list(map(height, fileVal['Height']))"
   ]
  },
  {
   "cell_type": "code",
   "execution_count": 25,
   "id": "fdb5141e",
   "metadata": {},
   "outputs": [],
   "source": [
    "# convertion of amounts (€) to integer\n",
    "def amount (x):\n",
    "    x=x.replace('€','')\n",
    "    if 'K' in x:\n",
    "        scalar=1000\n",
    "        x=x.replace('K','')\n",
    "    elif 'M' in x:\n",
    "        scalar=1000000\n",
    "        x=x.replace('M','')\n",
    "    else:\n",
    "        scalar=1\n",
    "    x=pd.to_numeric(x, errors='coerce')*scalar\n",
    "    return x\n",
    "file['Value']=list(map(amount, file['Value']))\n",
    "file['Wage']=list(map(amount, file['Wage']))\n",
    "file['Release Clause']=list(map(amount, file['Release Clause']))"
   ]
  },
  {
   "cell_type": "code",
   "execution_count": 26,
   "id": "cdbb2ce9",
   "metadata": {},
   "outputs": [],
   "source": [
    "fileVal['Value']=list(map(amount, fileVal['Value']))\n",
    "fileVal['Wage']=list(map(amount, fileVal['Wage']))\n",
    "fileVal['Release Clause']=list(map(amount, fileVal['Release Clause']))"
   ]
  },
  {
   "cell_type": "code",
   "execution_count": 27,
   "id": "5cfc5e93",
   "metadata": {},
   "outputs": [],
   "source": [
    "def hits (x):\n",
    "    if 'K' in x:\n",
    "        scalar=1000\n",
    "        x=x.replace('K','')\n",
    "    else:\n",
    "        scalar=1\n",
    "    x=pd.to_numeric(x, errors='coerce')*scalar\n",
    "    return x\n",
    "file['Hits']=list(map(hits, file['Hits']))\n",
    "fileVal['Hits']=list(map(hits, fileVal['Hits']))"
   ]
  },
  {
   "cell_type": "code",
   "execution_count": 28,
   "id": "0ce3ceaf",
   "metadata": {},
   "outputs": [],
   "source": [
    "#Again, I'll eliminate categories with corr>85%\n",
    "file = file.drop(['Wage', 'Release Clause'], axis=1)\n",
    "fileVal = fileVal.drop(['Wage', 'Release Clause'], axis=1)"
   ]
  },
  {
   "cell_type": "code",
   "execution_count": 29,
   "id": "a732ceca",
   "metadata": {},
   "outputs": [],
   "source": [
    "file = file.drop(['LS', 'RS', 'LF', 'CF', 'RF', 'LAM', 'RAM', 'LM', 'LCM', 'RCM', 'RM', 'LWB', 'LDM', 'RDM', 'RWB', 'LCB', 'RCB'], axis=1)\n",
    "fileVal = fileVal.drop(['LS', 'RS', 'LF', 'CF', 'RF', 'LAM', 'RAM', 'LM', 'LCM', 'RCM', 'RM', 'LWB', 'LDM', 'RDM', 'RWB', 'LCB', 'RCB'], axis=1)"
   ]
  },
  {
   "cell_type": "code",
   "execution_count": 30,
   "id": "63c09683",
   "metadata": {},
   "outputs": [],
   "source": [
    "def progression (x):\n",
    "    f,i=x.split(\"+\")\n",
    "    x=int(i)\n",
    "    return x\n",
    "file['GK']=list(map(progression, file['GK']))\n",
    "file['CB']=list(map(progression, file['CB']))\n",
    "file['LB']=list(map(progression, file['LB']))\n",
    "file['RB']=list(map(progression, file['RB']))\n",
    "file['CM']=list(map(progression, file['CM']))\n",
    "file['CAM']=list(map(progression, file['CAM']))\n",
    "file['CDM']=list(map(progression, file['CDM']))\n",
    "file['ST']=list(map(progression, file['ST']))\n",
    "file['RW']=list(map(progression, file['RW']))\n",
    "file['LW']=list(map(progression, file['LW']))"
   ]
  },
  {
   "cell_type": "code",
   "execution_count": 31,
   "id": "cd27a427",
   "metadata": {},
   "outputs": [],
   "source": [
    "fileVal['GK']=list(map(progression, fileVal['GK']))\n",
    "fileVal['CB']=list(map(progression, fileVal['CB']))\n",
    "fileVal['LB']=list(map(progression, fileVal['LB']))\n",
    "fileVal['RB']=list(map(progression, fileVal['RB']))\n",
    "fileVal['CM']=list(map(progression, fileVal['CM']))\n",
    "fileVal['CAM']=list(map(progression, fileVal['CAM']))\n",
    "fileVal['CDM']=list(map(progression, fileVal['CDM']))\n",
    "fileVal['ST']=list(map(progression, fileVal['ST']))\n",
    "fileVal['RW']=list(map(progression, fileVal['RW']))\n",
    "fileVal['LW']=list(map(progression, fileVal['LW']))"
   ]
  },
  {
   "cell_type": "code",
   "execution_count": 32,
   "id": "d7381c4d",
   "metadata": {},
   "outputs": [],
   "source": [
    "#One hot encoding"
   ]
  },
  {
   "cell_type": "code",
   "execution_count": 33,
   "id": "0e45390e",
   "metadata": {},
   "outputs": [],
   "source": [
    "from sklearn.preprocessing import OneHotEncoder\n",
    "\n",
    "y_train = file['OVA']\n",
    "X = file.drop(['OVA'], axis=1)\n",
    "X_num = X.select_dtypes(include = np.number)\n",
    "X_cat = X.select_dtypes(include = object)"
   ]
  },
  {
   "cell_type": "code",
   "execution_count": 34,
   "id": "5e1c7891",
   "metadata": {},
   "outputs": [
    {
     "data": {
      "text/html": [
       "<div>\n",
       "<style scoped>\n",
       "    .dataframe tbody tr th:only-of-type {\n",
       "        vertical-align: middle;\n",
       "    }\n",
       "\n",
       "    .dataframe tbody tr th {\n",
       "        vertical-align: top;\n",
       "    }\n",
       "\n",
       "    .dataframe thead th {\n",
       "        text-align: right;\n",
       "    }\n",
       "</style>\n",
       "<table border=\"1\" class=\"dataframe\">\n",
       "  <thead>\n",
       "    <tr style=\"text-align: right;\">\n",
       "      <th></th>\n",
       "      <th>BP_CB</th>\n",
       "      <th>BP_CDM</th>\n",
       "      <th>BP_CF</th>\n",
       "      <th>BP_CM</th>\n",
       "      <th>BP_GK</th>\n",
       "      <th>BP_LB</th>\n",
       "      <th>BP_LM</th>\n",
       "      <th>BP_LW</th>\n",
       "      <th>BP_LWB</th>\n",
       "      <th>BP_RB</th>\n",
       "      <th>BP_RM</th>\n",
       "      <th>BP_RW</th>\n",
       "      <th>BP_RWB</th>\n",
       "      <th>BP_ST</th>\n",
       "      <th>foot_Right</th>\n",
       "      <th>A/W_Low</th>\n",
       "      <th>A/W_Medium</th>\n",
       "      <th>D/W_Low</th>\n",
       "      <th>D/W_Medium</th>\n",
       "    </tr>\n",
       "  </thead>\n",
       "  <tbody>\n",
       "    <tr>\n",
       "      <th>0</th>\n",
       "      <td>0.0</td>\n",
       "      <td>0.0</td>\n",
       "      <td>0.0</td>\n",
       "      <td>1.0</td>\n",
       "      <td>0.0</td>\n",
       "      <td>0.0</td>\n",
       "      <td>0.0</td>\n",
       "      <td>0.0</td>\n",
